Valores Q-Qb para cada estado: (50000)
 [[ 1.308873e-01  9.375967e-02 -1.267051e-03  2.026429e-02]
 [ 1.938296e-02  0.000000e+00  3.445256e-03 -3.326892e-02]
 [-4.687023e-04  9.441734e-04 -2.825162e-02 -4.400453e-03]
 [-4.415330e-02  0.000000e+00 -8.880273e-03 -7.587302e-02]
 [ 3.004051e-01  1.387326e-01  0.000000e+00  3.961851e-02]
 [ 6.203312e-02 -8.202322e-01  7.841215e-01 -1.855815e-01]
 [ 0.000000e+00  6.044283e-03  0.000000e+00 -6.814611e-03]
 [-1.969606e+00 -2.500222e-01 -1.122791e+00  1.662701e+00]
 [ 4.277972e-01  0.000000e+00  1.178896e-02  1.363787e-01]
 [ 4.071386e-02 -2.359247e-04 -1.026283e-02  0.000000e+00]
 [-1.204249e-02  5.645914e-04  0.000000e+00 -2.340427e-03]
 [-1.031783e+00 -2.613050e+00  1.774495e+00 -1.848603e+00]
 [-5.165682e-01  2.799274e+00  1.648155e+00  2.212617e+00]
 [ 0.000000e+00  5.087092e-03  1.359933e-03 -1.158928e-02]
 [ 1.150331e-02  7.054695e-03  0.000000e+00 -1.053488e-02]
 [-7.358577e-01  2.014580e+00 -4.345012e-01 -2.379147e-01]]
 
 
 Valores Q-Qb para cada estado: (15000)
 [[ 2.428399e-01  1.400078e-01 -8.109891e-03  6.071982e-02]
 [ 2.467257e-02  0.000000e+00 -1.298593e-02 -2.422657e-02]
 [ 1.309284e-03 -3.954354e-03 -4.138665e-04 -1.729393e-02]
 [ 2.098427e-02  0.000000e+00 -3.892544e-02  4.839897e-02]
 [ 4.434442e-01  3.101509e-01  0.000000e+00  3.414163e-02]
 [-6.796615e-02 -4.016059e-01  1.083996e+00 -1.202564e+00]
 [ 0.000000e+00  1.455515e-02  0.000000e+00  1.860891e-03]
 [-1.046198e+00  1.004613e+00 -2.425248e+00 -3.193680e-02]
 [ 5.338719e-01  0.000000e+00  3.190797e-01  1.090161e-01]
 [ 2.024386e-01  1.086348e-02 -3.479790e-02  0.000000e+00]
 [ 2.488431e-02  1.171756e-03  0.000000e+00 -1.830688e-02]
 [-9.052006e-01  3.197049e-01  1.774065e+00 -7.149763e-01]
 [ 3.414168e-01  3.049758e+00 -7.813496e-02  5.356662e-01]
 [ 0.000000e+00  1.631525e-02  7.414605e-03  3.001170e-02]
 [ 2.249564e-02  1.610830e-02  0.000000e+00 -8.720597e-03]
 [-1.095255e-01  1.748609e+00 -7.848742e-01 -1.779158e-01]]
 
 Valores Q-Qb para cada estado: (5000)
 [[ 3.70505146e-01  2.18118750e-01 -1.10295640e-02  1.51802227e-01]
 [ 1.66227066e-01  0.00000000e+00 -1.47340108e-02  2.21314266e-03]
 [-1.03054796e-01 -1.20935084e-02 -1.07221307e-01 -1.04494799e-01]
 [-1.61096257e-01  0.00000000e+00 -4.08866995e-01 -2.38372093e-01]
 [ 4.64507201e-01  4.18477371e-01  0.00000000e+00  3.30935765e-02]
 [-1.35253523e+00 -2.12484836e+00  7.49602863e-01 -3.99376659e-01]
 [ 0.00000000e+00 -1.57530875e-02  0.00000000e+00 -2.19651952e-02]
 [-1.67950231e+00  7.36020969e-01 -1.77618851e+00  1.89189643e+00]
 [ 5.67465739e-01  0.00000000e+00  5.70122295e-01  1.44275301e-01]
 [ 2.67390399e-01  6.67685007e-02 -8.37186055e-03  0.00000000e+00]
 [ 6.55891397e-02  1.53053332e-02  0.00000000e+00 -2.66095535e-02]
 [-9.34442068e-01  1.21266613e+00  1.64678733e+00 -3.71217385e-01]
 [ 1.77414432e-01  1.36356311e+00  3.14117880e+00  2.92654252e-02]
 [ 0.00000000e+00  1.78929766e-01  1.22576609e-02  2.28696742e-02]
 [ 8.12365499e-02  1.31222500e-02  0.00000000e+00  7.83406643e-02]
 [-1.42068460e+00  1.86511428e+00 -8.05934829e-01  3.27974061e-01]]