definimos el entorno:
observacion,info:
0 {'prob': 1}
Discrete(16)
16
action:
0
Discrete(4)
4
step:
0 0.0 False False {'prob': 1.0}
Máxima proporcion: 0.5146097078058439
Valores Q para cada estado:
 [[0.39798865 0.44270384 0.52062199 0.50091053]
 [0.48903446 0.         0.59942363 0.52847682]
 [0.51816271 0.62262459 0.52380219 0.59360936]
 [0.6000706  0.         0.53421369 0.5309633 ]
 [0.22788204 0.47338936 0.         0.50387244]
 [0.         0.         0.         0.        ]
 [0.         0.80520376 0.         0.60445515]
 [0.         0.         0.         0.        ]
 [0.16932271 0.         0.70179641 0.38943894]
 [0.53299492 0.82359427 0.81052632 0.        ]
 [0.71519471 0.95828164 0.         0.63435039]
 [0.         0.         0.         0.        ]
 [0.         0.         0.         0.        ]
 [0.         0.80882353 0.95632468 0.71559633]
 [0.81162214 0.95803261 1.         0.8097166 ]
 [0.         0.         0.         0.        ]]
